# seemingly unused at all, surrounded with vars from carmod1 ext script
40828
40832
40836
40840
40844
40848
40852
40856
40860
40864
40868
40872
40876
40880
40884
40888
40892
40896
40900
40904
40908
40912
40916
40920
40924
40928
40932
40936
40940
40944
40948
40952
40956
40960
40964
40968
40972
40976
40980
40984
40988
40992
40996
41000
41004
41008
41012
41016
41020
41024
41028
41032
41036
41040
41044
41048
41052
41056
41060
41064
41068
41072
41076
41080
41084
41088
41092
41096
41100
41104
41108
41112
41116
41120
41124
41128
41132
41136
41140
41144
41148
41152
41156
41160
41164
41168
41172
41176
41180
41184
41188
41192
41196
41200
41204
41208
41212
41216
41220
41224
41228
41232
41236
41240
41244
41248
41252
41256
41260
41264
41268
41272
41276
41280
41284
41288
41292
41296
41300
41304
41308
41312
41316
41320
41324
41328
41332
41336
41340
41344
41348
41352
41356
41360
41364
41368
41372
41376
41380
41384
41388
41392
41396
41400
41404
41408
41412
41416
41420
41424
41428
41432
41436
41440
41444
41448
41452
41456
41460
41464
41468
41472
41476
41480
41484
41488
41492
41496
41500
41504
41508
41512
41516
41520
41524
41528
41532
41536
41540
41544
41548
41552
41556
41560
41564
41568
41572
41576
41580
41584
41588
41592
41596
41600
41604
41608
41612
41616
41620
41624
41628
41632
41636
41640




# Set during INTRO mission, never used again
3428
3432
3436
3440
3444
3448
3452
3456

# never-used object during init
4480

# never used at all
4484
4488
4492
4496
4500
4504
4508
4512
4516

# zero'd in intro, then never used
7036
7040
7044
7048
7052
7056
7060
7064
7068
7072
7076
7080
7084
7088
7092
7096
7100
7104
7108
7112
7116
7120
7124
7128
7132
7136
7140
7144



# unused around other pickups in intro
12680

# never used
22672
22676
22680
22684
22688
22692
22696

# never used
22936
22940
22944
22948
22952
22956
22960

# never used
23472
23476
23480
23484
23488
23492
23496
23500

# never used
23524
23528
23532
23536
23540
23544
23548
23552
23556
23560
23564
23568

# never used
23640
23644
23648
23652
23656
23660
23664
23668
23672
23676
23680
23684
23688
23692
23696

# never used
23704
23712
23716
23720
23724
23728
23732
23736
23740
23744
23748
23752
23756
23760
23764

# only used during mission 6 (grav game) (bee game?)
24944
24948
24952
24956
24960
24964
24968
24972
24976
24980
24984
24988
24992
24996
25000
25004
25008
25012
25016
25020
25024
25028
25032
25036
25040
25044
25048
25052
25056
25060
25232

# never used
37576
37580
37584
37588
37592
37596
37600
37604
37608
37612
37616
37620
37624
37628
37632
37636
37640
37644
37648
37652
37656
37660
37664
37668
37672
37676
37680
37684
37688
37692
37696
37700
37704
37708
37712
37716
37720
37724
37728
37732
37736
37740

# never used
41796
41800
41804
41808
41812
41816
41820
41824
41828
41832
41836
41840
41844
41848
41852
41856
41860
41864
41868
41872
41876
41880
41884
41888
41892
41896
41900
41904
41908
41912
41916
41920
41924
